0.12614678899082568
0.3159144893111639
0.016227180527383367
0.20071047957371227
0.1844484629294756
0.07894736842105263
0.2518891687657431
0.19092627599243855
0.10114503816793893
0.04657534246575343
0.20374220374220375
0.0845771144278607
0.486328125
0.46893787575150303
0.019748653500897665
0.4830917874396135
0.4325581395348837
0.1191806331471136
0.2783171521035599
0.3058823529411765
0.18284424379232506
0.34262295081967215
0.18821603927986907
0.4449438202247191
0.3393782383419689
0.07977736549165121
0.12449799196787148
0.0995850622406639
0.08614232209737828
0.18833333333333332
0.44153577661431065
0.439622641509434
0.2966666666666667
0.3996983408748115
0.34375
0.23476702508960573
0.2022792022792023
0.20689655172413793
0.3513986013986014
0.13740458015267176
0.1744186046511628
0.23684210526315788
0.28348214285714285
0.4888888888888889
0.43037974683544306
0.48785046728971965
0.4262626262626263
0.16565656565656567
0.011574074074074073
0.23735408560311283
0.19437939110070257
0.4522184300341297
0.11510791366906475
0.14188034188034188
0.2529274004683841
0.12121212121212122
0.3811881188118812
0.42597402597402595
0.041758241758241756
0.16834170854271358
0.07740916271721959
0.178752107925801
0.04740406320541761
0.41551724137931034
0.16624685138539042
0.2224334600760456
0.10600706713780919
0.4502262443438914
0.3605263157894737
0.3182481751824818
0.15514018691588785
0.14442013129102846
0.5246212121212122
0.1314655172413793
0.02702702702702703
0.20579710144927535
0.40718562874251496
0.29774127310061604
0.21149425287356322
0.09090909090909091
0.19909502262443438
0.06695464362850972
0.035211267605633804
0.2913752913752914
0.14757281553398058
0.37468354430379747
0.08774834437086093
0.18691588785046728
0.3125
0.3185550082101806
0.2579185520361991
0.16988416988416988
0.1338709677419355
0.4470588235294118
0.4521452145214521
0.47018030513176146
0.11990950226244344
0.3705263157894737
0.009259259259259259
0.39595959595959596
0.37763713080168776
0.2965686274509804
0.1673254281949934
0.39019189765458423
0.4148148148148148
0.25
0.3954154727793696
0.17956656346749225
0.48089887640449436
0.3984848484848485
0.0502283105022831
0.38537549407114624
0.40693430656934304
0.4318181818181818
0.36304700162074555
0.20627062706270627
0.13421052631578947
0.47288503253796094
0.30848329048843187
0.35106382978723405
0.3101851851851852
0.07976653696498054
0.11434977578475336
0.4276315789473684
0.37406015037593987
0.05239179954441914
0.4708171206225681
0.39811320754716983
0.16958041958041958
0.44552845528455287
0.0931098696461825
0.5113207547169811
0.4781609195402299
0.4148296593186373
0.12
0.13064133016627077
0.06976744186046512
0.3763888888888889
0.4678492239467849
0.21414913957934992
0.322884012539185
0.34234234234234234
0.15655577299412915
0.08656716417910448
0.5416666666666666
0.37450980392156863
0.011406844106463879
0.3005050505050505
0.4625
0.16129032258064516
0.05622489959839357
0.28665207877461707
0.4553014553014553
0.12943262411347517
0.4359805510534846
0.2
0.3515151515151515
0.4688026981450253
0.44788273615635177
0.3042671614100185
0.40047961630695444
0.14130434782608695
0.1
0.3087885985748218
0.40404040404040403
0.47357293868921774
0.39341085271317827
0.3889655172413793
0.3737957610789981
0.36363636363636365
0.2857142857142857
0.25402504472271914
0.23319327731092437
0.19360902255639098
0.4688427299703264
0.10996563573883161
0.24349881796690306
0.11439842209072978
0.16414686825053995
0.01775147928994083
0.4591078066914498
0.02079002079002079
0.16722408026755853
0.32085561497326204
0.07706766917293233
0.2730844793713163
0.008368200836820083
0.40159045725646125
0.2676056338028169
0.3657142857142857
0.10643015521064302
0.02108433734939759
0.21069182389937108
0.13926499032882012
0.0672782874617737
0.4746987951807229
0.37476099426386233
0.38372093023255816
0.36891385767790263
0.08626760563380281
0.10816777041942605
0.43537414965986393
0.22039473684210525
0.4047058823529412
0.20169851380042464
0.2857142857142857
0.4171322160148976
0.2718204488778055
0.22822299651567945
0.27154471544715447
0.31516587677725116
0.3499222395023328
0.2605042016806723
0.30409356725146197
0.29393939393939394
0.1504424778761062
0.19128787878787878
0.13934426229508196
0.4865831842576029
0.30514705882352944
0.12846347607052896
0.09812108559498957
0.22075055187637968
0.041736227045075125
0.02727272727272727
0.41068447412353926
0.3709923664122137
0.29411764705882354
0.3344947735191638
0.30647709320695105
0.36644591611479027
0.33558178752107926
0.343811394891945
0.008223684210526315
0.21621621621621623
0.24210526315789474
0.15249266862170088
0.3630252100840336
0.36645962732919257
0.31556195965417866
0.42700729927007297
0.08771929824561403
0.1882640586797066
0.27249357326478146
0.21350762527233116
0.40613718411552346
0.24647887323943662
0.46714285714285714
0.20385232744783308
0.042735042735042736
0.4197080291970803
0.08705357142857142
0.2964426877470356
0.04885057471264368
0.3771186440677966
0.2740740740740741
0.039735099337748346
0.1751054852320675
0.335632183908046
0.32325141776937616
0.091324200913242
0.4527027027027027
0.2168421052631579
0.21946902654867256
0.2702127659574468
0.15336134453781514
0.12474849094567404
0.08463251670378619
0.33212996389891697
0.12524850894632206
0.30864197530864196
0.10498220640569395
0.44256756756756754
0.4717391304347826
0.30210325047801145
0.07743362831858407
0.11827956989247312
0.4940047961630695
0.3766519823788546
0.2219959266802444
0.1266490765171504
0.13620071684587814
0.05555555555555555
0.14052953156822812
0.16267942583732056
0.044642857142857144
0.0778688524590164
0.049217002237136466
0.2454308093994778
0.012219959266802444
0.45384615384615384
0.034764826175869123
0.11607142857142858
0.023391812865497075
0.14166666666666666
0.4593698175787728
0.23235800344234078
0.18830242510699002
0.29512893982808025
0.1564748201438849
0.3665594855305466
0.3552941176470588
0.07662835249042145
0.30628803245436104
0.39622641509433965
0.16666666666666666
0.23186119873817035
0.4362934362934363
0.038461538461538464
0.20540540540540542
0.19458128078817735
0.2325
0.2457627118644068
0.21908127208480566
0.2607361963190184
0.4547038327526132
0.4175
0.08468468468468468
0.1970954356846473
0.3002070393374741
0.0905982905982906
0.4115308151093439
0.5026269702276708
0.32196969696969696
0.08405797101449275
0.3574074074074074
0.4231536926147705
0.1253968253968254
0.18525179856115107
0.11287988422575977
0.049342105263157895
0.06446540880503145
0.039711191335740074
0.2945945945945946
0.4320809248554913
0.098
0.26521739130434785
0.23593073593073594
0.34216335540838855
0.18316831683168316
0.38125
0.4470588235294118
0.25689655172413794
0.12882096069868995
0.3545966228893058
0.529113924050633
0.3854166666666667
0.35650224215246634
0.029259896729776247
0.484297520661157
0.12915851272015655
0.4584139264990329
0.352059925093633
0.3175355450236967
0.35053763440860214
0.3888888888888889
0.12749003984063745
0.023255813953488372
0.424287856071964
0.0663265306122449
0.23554603854389722
0.060263653483992465
0.15119363395225463
0.10606060606060606
0.060526315789473685
0.2513089005235602
0.01
0.12074303405572756
0.16535433070866143
0.3231292517006803
0.359504132231405
0.13406593406593406
0.2565543071161049
0.31272727272727274
0.4424778761061947
0.3877917414721723
0.009538950715421303
0.014018691588785047
0.300509337860781
0.22709163346613545
0.384012539184953
0.11967545638945233
0.12966601178781925
0.3398876404494382
0.011857707509881422
0.06682027649769585
0.09248554913294797
0.17973231357552583
0.3208791208791209
0.42710997442455245
0.1337579617834395
0.05337078651685393
0.05252918287937743
0.10244988864142539
0.3328402366863905
0.07256235827664399
0.10120068610634649
0.37777777777777777
0.06031746031746032
0.11510791366906475
0.25244618395303325
0.040783034257748776
0.1417910447761194
0.45789473684210524
0.46813186813186813
0.19384615384615383
0.0752
0.20481927710843373
0.1800356506238859
0.08215962441314555
0.04071246819338423
0.23060344827586207
0.36185383244206776
0.4268707482993197
0.24013157894736842
0.1031390134529148
0.22041763341067286
0.27044025157232704
0.10142348754448399
0.4267399267399267
0.15023474178403756
0.05555555555555555
0.1322314049586777
0.3501683501683502
0.1843687374749499
0.33548387096774196
0.22363636363636363
0.038860103626943004
0.21469740634005763
0.025440313111545987
0.4120234604105572
0.35551330798479086
0.15913978494623657
0.3115727002967359
0.27902621722846443
0.05378973105134474
0.41359223300970877
0.10442477876106195
0.19315403422982885
0.4450354609929078
0.35218508997429304
0.198
0.411371237458194
0.5083969465648855
0.3706140350877193
0.11254612546125461
0.02046783625730994
0.16793893129770993
0.34232365145228216
0.46546546546546547
0.4128686327077748
0.040169133192389
0.27134146341463417
0.036414565826330535
0.11158798283261803
0.23045267489711935
0.04129793510324484
0.3950617283950617
0.23834196891191708
0.16563146997929606
0.24329501915708812
0.1834319526627219
0.3781094527363184
0.018998272884283247
0.35070422535211265
0.39547038327526135
0.09380530973451327
0.2933130699088146
0.4838255977496484
0.5078125
0.3333333333333333
0.4146341463414634
0.3801801801801802
0.04703476482617587
0.049886621315192746
0.1266540642722117
0.31473214285714285
0.33877551020408164
0.211340206185567
0.41243862520458263
0.21929824561403508
0.35946462715105165
0.3696969696969697
0.07066381156316917
0.15913555992141454
0.21193415637860083
0.12155591572123177
0.33613445378151263
0.3263327948303716
0.2332089552238806
0.07827788649706457
0.3718861209964413
0.02336448598130841
0.22913256955810146
0.12126865671641791
0.12271973466003316
0.12949640287769784
0.39879759519038077
0.3002257336343115
0.2901849217638691