0.04643449419568822
0.3968253968253968
0.006276150627615063
0.10912698412698413
0.16294642857142858
0.050816696914700546
0.19349593495934958
0.09018036072144289
0.2815198618307427
0.05222437137330754
0.20556745182012848
0.10948905109489052
0.6357142857142857
0.5597269624573379
0.0343796711509716
0.505938242280285
0.4739803094233474
0.0390625
0.3391915641476274
0.2584493041749503
0.3547008547008547
0.431496062992126
0.18508997429305912
0.3772357723577236
0.18503118503118504
0.06340579710144928
0.16639209225700163
0.05330882352941176
0.08247422680412371
0.22508038585209003
0.5009784735812133
0.308584686774942
0.2917647058823529
0.4933993399339934
0.36507936507936506
0.22355289421157684
0.14135338345864662
0.25
0.4543610547667343
0.10135135135135136
0.16838487972508592
0.21329639889196675
0.40198511166253104
0.4854014598540146
0.4734133790737564
0.5045871559633027
0.4222222222222222
0.10588235294117647
0.06451612903225806
0.22483221476510068
0.21157684630738524
0.4711729622266402
0.08695652173913043
0.0906515580736544
0.4170403587443946
0.03938730853391685
0.5242369838420108
0.5180505415162455
0.009174311926605505
0.1440443213296399
0.09380863039399624
0.22586520947176686
0.07194244604316546
0.3474576271186441
0.19407894736842105
0.21333333333333335
0.044444444444444446
0.44360902255639095
0.4329411764705882
0.20818505338078291
0.1293634496919918
0.2100456621004566
0.4893162393162393
0.09216589861751152
0.008528784648187633
0.2815533980582524
0.36
0.28205128205128205
0.033542976939203356
0.02333931777378815
0.11694510739856802
0.19495412844036697
0.03508771929824561
0.44169096209912534
0.15730337078651685
0.5144124168514412
0.24708171206225682
0.1391304347826087
0.23529411764705882
0.3776223776223776
0.37320574162679426
0.11194029850746269
0.2
0.3783783783783784
0.2811881188118812
0.5668316831683168
0.057233704292527825
0.34408602150537637
0.05253623188405797
0.39067055393586003
0.39420289855072466
0.2650334075723831
0.33251231527093594
0.26895565092989987
0.3794749403341289
0.1811926605504587
0.33003300330033003
0.11202635914332784
0.4781818181818182
0.30105263157894735
0.045454545454545456
0.375886524822695
0.4014084507042254
0.4045307443365696
0.43951612903225806
0.20821917808219179
0.23529411764705882
0.6591422121896162
0.3430127041742287
0.2966101694915254
0.16
0.10208333333333333
0.10204081632653061
0.32272727272727275
0.270935960591133
0.14673913043478262
0.6047619047619047
0.37012987012987014
0.1358574610244989
0.37773359840954274
0.20098846787479407
0.7061310782241015
0.4577922077922078
0.3664688427299703
0.09786476868327403
0.09775641025641026
0.0907258064516129
0.3159041394335512
0.4418052256532066
0.17814726840855108
0.335243553008596
0.2993492407809111
0.20607375271149675
0.03474903474903475
0.479933110367893
0.4148550724637681
0.0136986301369863
0.21120689655172414
0.338
0.1738382099827883
0.19117647058823528
0.26534653465346536
0.3150684931506849
0.16258351893095768
0.33972602739726027
0.2345679012345679
0.24302788844621515
0.5064935064935064
0.48470588235294115
0.217753120665742
0.4714548802946593
0.09385113268608414
0.18652849740932642
0.34851936218678814
0.39080459770114945
0.478515625
0.24248496993987975
0.3005050505050505
0.2775735294117647
0.37276785714285715
0.3031161473087819
0.17391304347826086
0.2662337662337662
0.14285714285714285
0.419811320754717
0.10688836104513064
0.18763796909492272
0.01011804384485666
0.09736842105263158
0.042682926829268296
0.4962121212121212
0.030162412993039442
0.1958997722095672
0.3762575452716298
0.03232323232323232
0.270935960591133
0.020876826722338204
0.27640449438202247
0.27450980392156865
0.5064935064935064
0.11031518624641834
0.002257336343115124
0.3163064833005894
0.07304347826086957
0.006430868167202572
0.5523648648648649
0.47692307692307695
0.42694805194805197
0.39571428571428574
0.12331838565022421
0.06357388316151202
0.5657370517928287
0.09565217391304348
0.3898305084745763
0.38571428571428573
0.20113851992409867
0.2517985611510791
0.5162393162393163
0.19686800894854586
0.1913978494623656
0.35413153456998314
0.3117338003502627
0.23471400394477318
0.2903225806451613
0.2727272727272727
0.16129032258064516
0.20689655172413793
0.10281923714759536
0.5603112840466926
0.09113924050632911
0.1575492341356674
0.0273224043715847
0.16121495327102803
0.023255813953488372
0.014534883720930232
0.693446088794926
0.3076923076923077
0.34519572953736655
0.35912698412698413
0.261455525606469
0.5134099616858238
0.4880694143167028
0.3368606701940035
0.013157894736842105
0.2627906976744186
0.2623762376237624
0.17735042735042736
0.23827392120075047
0.2688679245283019
0.41714285714285715
0.4566787003610108
0.19571045576407506
0.062360801781737196
0.20563847429519072
0.10337972166998012
0.33045622688039455
0.3075117370892019
0.437137330754352
0.12535211267605634
0.008281573498964804
0.4330434782608696
0.106
0.3151969981238274
0.01937046004842615
0.21315192743764172
0.23017902813299232
0.01020408163265306
0.18672199170124482
0.34285714285714286
0.18181818181818182
0.12798634812286688
0.329608938547486
0.2037914691943128
0.21021611001964635
0.46825396825396826
0.04847396768402154
0.0916030534351145
0.039735099337748346
0.2776617954070981
0.17754569190600522
0.4675324675324675
0.14361702127659576
0.4175084175084175
0.33697632058287796
0.25
0.05066079295154185
0.051194539249146756
0.36288998357963875
0.21705426356589147
0.19569471624266144
0.19753086419753085
0.1462925851703407
0.1152542372881356
0.036053130929791274
0.08361774744027303
0.014492753623188406
0.109717868338558
0.009448818897637795
0.27364185110663986
0.002577319587628866
0.6287128712871287
0.04740406320541761
0.04636785162287481
0.044169611307420496
0.18004338394793926
0.4073482428115016
0.29219600725952816
0.05092592592592592
0.265658747300216
0.20787746170678337
0.5100463678516228
0.3772455089820359
0.020785219399538105
0.17420814479638008
0.10650887573964497
0.1751412429378531
0.16387337057728119
0.3474576271186441
0.0017825311942959
0.13594040968342644
0.21788617886178863
0.27442827442827444
0.28537735849056606
0.13172541743970315
0.04225352112676056
0.32304900181488205
0.18333333333333332
0.004651162790697674
0.11777777777777777
0.3277310924369748
0.10778443113772455
0.43283582089552236
0.42105263157894735
0.2966101694915254
0.05860113421550094
0.4102079395085066
0.544921875
0.056179775280898875
0.22483940042826553
0.08791208791208792
0.034013605442176874
0.14823008849557523
0.004149377593360996
0.17488789237668162
0.41379310344827586
0.04611650485436893
0.1932367149758454
0.1509433962264151
0.20825515947467166
0.13259668508287292
0.1729490022172949
0.48656716417910445
0.31270903010033446
0.2578125
0.34130434782608693
0.4927007299270073
0.25646123260437376
0.6831683168316832
0.012844036697247707
0.3490759753593429
0.08433734939759036
0.3380281690140845
0.44375
0.4631782945736434
0.4126984126984127
0.3860294117647059
0.16323529411764706
0.020179372197309416
0.3606010016694491
0.01488095238095238
0.20637898686679174
0.019522776572668113
0.22690437601296595
0.0812807881773399
0.06561085972850679
0.11468812877263582
0.0156794425087108
0.02040816326530612
0.08843537414965986
0.3630252100840336
0.25384615384615383
0.19652173913043477
0.20694645441389292
0.4019138755980861
0.38181818181818183
0.2559241706161137
0.05761316872427984
0.014450867052023121
0.44346289752650175
0.1918918918918919
0.41420118343195267
0.154296875
0.09213483146067415
0.37609841827768015
0.005813953488372093
0.12626262626262627
0.04612159329140461
0.20668058455114824
0.19439579684763572
0.49137931034482757
0.16887417218543047
0.0038240917782026767
0.019704433497536946
0.016129032258064516
0.24693877551020407
0.03292181069958848
0.011961722488038277
0.3258655804480652
0.07770961145194274
0.2334710743801653
0.11694915254237288
0.08992805755395683
0.10993657505285412
0.36742424242424243
0.5029940119760479
0.24670433145009416
0.10221465076660988
0.1297709923664122
0.15457413249211358
0.026694045174537988
0.033045977011494254
0.18032786885245902
0.4978165938864629
0.5941320293398533
0.2916666666666667
0.13539967373572595
0.3518776077885953
0.31655844155844154
0.15955473098330242
0.592948717948718
0.17149758454106281
0.028391167192429023
0.08333333333333333
0.2722602739726027
0.2627118644067797
0.3159420289855073
0.2236180904522613
0.006211180124223602
0.20727272727272728
0.07846715328467153
0.3285198555956679
0.18333333333333332
0.17841079460269865
0.23344947735191637
0.21301775147928995
0.03624733475479744
0.38645418326693226
0.20563847429519072
0.18785578747628084
0.28024193548387094
0.3722466960352423
0.14209591474245115
0.4344422700587084
0.3157894736842105
0.5186246418338109
0.06636155606407322
0.07994186046511628
0.19519519519519518
0.5
0.6643356643356644
0.4447004608294931
0.02862595419847328
0.18927973199329984
0.03482587064676617
0.19039451114922812
0.2335216572504708
0.06053268765133172
0.513986013986014
0.2842535787321063
0.19141914191419143
0.16630196936542668
0.14727272727272728
0.422360248447205
0.038636363636363635
0.47878787878787876
0.384
0.16339869281045752
0.30594405594405594
0.4245939675174014
0.4726962457337884
0.3320825515947467
0.5287356321839081
0.29850746268656714
0.015789473684210527
0.09363957597173145
0.12295081967213115
0.3646677471636953
0.18459069020866772
0.21768707482993196
0.34615384615384615
0.20256410256410257
0.329153605015674
0.4699792960662526
0.17965023847376788
0.16159695817490494
0.15862068965517243
0.03503184713375796
0.28703703703703703
0.24955436720142601
0.32062780269058294
0.07034220532319392
0.4120982986767486
0.0020964360587002098
0.28520499108734404
0.045372050816696916
0.2730263157894737
0.07706766917293233
0.5057971014492754
0.17849462365591398
0.13192612137203166